spawn:
  world: spawn
  x: -72.61201618260941
  y: 4.0
  z: 0.49584076654303966
  yaw: -89.968994
  pitch: 0.42714763
firstspawn:
  world: spawn
  x: -72.61201618260941
  y: 4.0
  z: 0.49584076654303966
  yaw: -89.968994
  pitch: 0.42714763
